[
    [
        "Home Decor Product1",
        [
            0,
            0,
            2,
            2,
            2,
            0,
            0,
            1,
            0,
            0,
            0,
            0,
            1,
            0,
            3,
            1,
            0,
            2,
            0,
            1,
            1,
            0,
            0,
            0,
            0,
            0
        ]
    ],
    [
        "Electronics Product2",
        [
            0,
            0,
            3,
            1,
            2,
            0,
            0,
            0,
            1,
            0,
            0,
            1,
            0,
            1,
            2,
            1,
            0,
            2,
            1,
            2,
            1,
            0,
            0,
            0,
            0,
            0
        ]
    ],
    [
        "Clothing Product3",
        [
            0,
            0,
            2,
            1,
            0,
            0,
            1,
            1,
            1,
            0,
            0,
            1,
            0,
            1,
            2,
            1,
            0,
            1,
            0,
            2,
            1,
            0,
            0,
            0,
            0,
            0
        ]
    ],
    [
        "Sports & Outdoors Product4",
        [
            0,
            0,
            1,
            2,
            0,
            0,
            0,
            0,
            0,
            0,
            0,
            0,
            0,
            0,
            5,
            2,
            0,
            3,
            3,
            3,
            2,
            0,
            0,
            0,
            0,
            0
        ]
    ],
    [
        "Sports & Outdoors Product5",
        [
            0,
            0,
            1,
            2,
            0,
            0,
            0,
            0,
            0,
            0,
            0,
            0,
            0,
            0,
            5,
            2,
            0,
            3,
            3,
            3,
            2,
            0,
            0,
            0,
            0,
            0
        ]
    ],
    [
        "Sports & Outdoors Product6",
        [
            0,
            0,
            1,
            2,
            0,
            0,
            0,
            0,
            0,
            0,
            0,
            0,
            0,
            0,
            5,
            2,
            0,
            3,
            3,
            3,
            2,
            0,
            0,
            0,
            0,
            0
        ]
    ],
    [
        "Home Decor Product7",
        [
            0,
            0,
            2,
            2,
            2,
            0,
            0,
            1,
            0,
            0,
            0,
            0,
            1,
            0,
            3,
            1,
            0,
            2,
            0,
            1,
            1,
            0,
            0,
            0,
            0,
            0
        ]
    ],
    [
        "Clothing Product8",
        [
            0,
            0,
            2,
            1,
            0,
            0,
            1,
            1,
            1,
            0,
            0,
            1,
            0,
            1,
            2,
            1,
            0,
            1,
            0,
            2,
            1,
            0,
            0,
            0,
            0,
            0
        ]
    ],
    [
        "Bookstore 0",
        [
            0,
            1,
            0,
            0,
            1,
            0,
            0,
            0,
            0,
            0,
            1,
            0,
            0,
            0,
            3,
            0,
            0,
            1,
            1,
            1,
            0,
            0,
            0,
            0,
            0,
            0
        ]
    ],
    [
        "Fitness Center 1",
        [
            0,
            0,
            1,
            0,
            3,
            1,
            0,
            0,
            1,
            0,
            0,
            0,
            0,
            2,
            0,
            0,
            0,
            1,
            2,
            2,
            0,
            0,
            0,
            0,
            0,
            0
        ]
    ],
    [
        "Bookstore 2",
        [
            0,
            1,
            0,
            0,
            1,
            0,
            0,
            0,
            0,
            0,
            1,
            0,
            0,
            0,
            3,
            0,
            0,
            1,
            1,
            1,
            0,
            0,
            0,
            0,
            0,
            0
        ]
    ],
    [
        "Electronics Shop 3",
        [
            0,
            0,
            2,
            0,
            2,
            0,
            0,
            1,
            1,
            0,
            0,
            1,
            0,
            1,
            2,
            1,
            0,
            1,
            2,
            1,
            0,
            0,
            0,
            0,
            0,
            0
        ]
    ],
    [
        "Fitness Center 4",
        [
            0,
            0,
            1,
            0,
            3,
            1,
            0,
            0,
            1,
            0,
            0,
            0,
            0,
            2,
            0,
            0,
            0,
            1,
            2,
            2,
            0,
            0,
            0,
            0,
            0,
            0
        ]
    ],
    [
        "Restaurant 5",
        [
            2,
            0,
            0,
            0,
            1,
            0,
            0,
            0,
            0,
            0,
            0,
            0,
            0,
            1,
            0,
            0,
            0,
            2,
            1,
            2,
            1,
            0,
            0,
            0,
            0,
            0
        ]
    ],
    [
        "Bookstore 6",
        [
            0,
            1,
            0,
            0,
            1,
            0,
            0,
            0,
            0,
            0,
            1,
            0,
            0,
            0,
            3,
            0,
            0,
            1,
            1,
            1,
            0,
            0,
            0,
            0,
            0,
            0
        ]
    ],
    [
        "Electronics Shop 7",
        [
            0,
            0,
            2,
            0,
            2,
            0,
            0,
            1,
            1,
            0,
            0,
            1,
            0,
            1,
            2,
            1,
            0,
            1,
            2,
            1,
            0,
            0,
            0,
            0,
            0,
            0
        ]
    ],
    [
        "Bookstore 8",
        [
            0,
            1,
            0,
            0,
            1,
            0,
            0,
            0,
            0,
            0,
            1,
            0,
            0,
            0,
            3,
            0,
            0,
            1,
            1,
            1,
            0,
            0,
            0,
            0,
            0,
            0
        ]
    ],
    [
        "Electronics Shop 9",
        [
            0,
            0,
            2,
            0,
            2,
            0,
            0,
            1,
            1,
            0,
            0,
            1,
            0,
            1,
            2,
            1,
            0,
            1,
            2,
            1,
            0,
            0,
            0,
            0,
            0,
            0
        ]
    ],
    [
        "Electronics",
        [
            0,
            0,
            2,
            0,
            2,
            0,
            0,
            0,
            1,
            0,
            0,
            1,
            0,
            1,
            1,
            0,
            0,
            1,
            1,
            1,
            0,
            0,
            0,
            0,
            0,
            0
        ]
    ],
    [
        "Clothing",
        [
            0,
            0,
            1,
            0,
            0,
            0,
            1,
            1,
            1,
            0,
            0,
            1,
            0,
            1,
            1,
            0,
            0,
            0,
            0,
            1,
            0,
            0,
            0,
            0,
            0,
            0
        ]
    ],
    [
        "Books",
        [
            0,
            1,
            0,
            0,
            0,
            0,
            0,
            0,
            0,
            0,
            1,
            0,
            0,
            0,
            2,
            0,
            0,
            0,
            1,
            0,
            0,
            0,
            0,
            0,
            0,
            0
        ]
    ],
    [
        "Home Decor",
        [
            0,
            0,
            1,
            1,
            2,
            0,
            0,
            1,
            0,
            0,
            0,
            0,
            1,
            0,
            2,
            0,
            0,
            1,
            0,
            0,
            0,
            0,
            0,
            0,
            0,
            0
        ]
    ],
    [
        "Sports & Outdoors",
        [
            0,
            0,
            0,
            1,
            0,
            0,
            0,
            0,
            0,
            0,
            0,
            0,
            0,
            0,
            4,
            1,
            0,
            2,
            3,
            2,
            1,
            0,
            0,
            0,
            0,
            0
        ]
    ],
    [
        "Smartphones",
        [
            1,
            0,
            0,
            0,
            1,
            0,
            0,
            1,
            0,
            0,
            0,
            0,
            1,
            1,
            1,
            1,
            0,
            1,
            2,
            1,
            0,
            0,
            0,
            0,
            0,
            0
        ]
    ],
    [
        "Laptops",
        [
            1,
            0,
            0,
            0,
            0,
            0,
            0,
            0,
            0,
            0,
            0,
            1,
            0,
            0,
            1,
            2,
            0,
            0,
            1,
            1,
            0,
            0,
            0,
            0,
            0,
            0
        ]
    ],
    [
        "Tablets",
        [
            1,
            1,
            0,
            0,
            1,
            0,
            0,
            0,
            0,
            0,
            0,
            1,
            0,
            0,
            0,
            0,
            0,
            0,
            1,
            2,
            0,
            0,
            0,
            0,
            0,
            0
        ]
    ],
    [
        "Headphones",
        [
            1,
            0,
            0,
            1,
            2,
            0,
            0,
            2,
            0,
            0,
            0,
            0,
            0,
            1,
            1,
            1,
            0,
            0,
            1,
            0,
            0,
            0,
            0,
            0,
            0,
            0
        ]
    ],
    [
        "Cameras",
        [
            2,
            0,
            1,
            0,
            1,
            0,
            0,
            0,
            0,
            0,
            0,
            0,
            1,
            0,
            0,
            0,
            0,
            1,
            1,
            0,
            0,
            0,
            0,
            0,
            0,
            0
        ]
    ],
    [
        "T-shirts",
        [
            0,
            0,
            0,
            0,
            0,
            0,
            0,
            1,
            1,
            0,
            0,
            0,
            0,
            0,
            0,
            0,
            0,
            1,
            2,
            2,
            0,
            0,
            0,
            0,
            0,
            0
        ]
    ],
    [
        "Dresses",
        [
            0,
            0,
            0,
            1,
            2,
            0,
            0,
            0,
            0,
            0,
            0,
            0,
            0,
            0,
            0,
            0,
            0,
            1,
            3,
            0,
            0,
            0,
            0,
            0,
            0,
            0
        ]
    ],
    [
        "Jeans",
        [
            1,
            0,
            0,
            0,
            1,
            0,
            0,
            0,
            0,
            1,
            0,
            0,
            0,
            1,
            0,
            0,
            0,
            0,
            1,
            0,
            0,
            0,
            0,
            0,
            0,
            0
        ]
    ],
    [
        "Shoes",
        [
            0,
            0,
            0,
            0,
            1,
            0,
            0,
            1,
            0,
            0,
            0,
            0,
            0,
            0,
            1,
            0,
            0,
            0,
            2,
            0,
            0,
            0,
            0,
            0,
            0,
            0
        ]
    ],
    [
        "Accessories",
        [
            1,
            0,
            2,
            0,
            2,
            0,
            0,
            0,
            1,
            0,
            0,
            0,
            0,
            0,
            1,
            0,
            0,
            1,
            3,
            0,
            0,
            0,
            0,
            0,
            0,
            0
        ]
    ],
    [
        "Fiction",
        [
            0,
            0,
            1,
            0,
            0,
            1,
            0,
            0,
            2,
            0,
            0,
            0,
            0,
            1,
            1,
            0,
            0,
            0,
            0,
            1,
            0,
            0,
            0,
            0,
            0,
            0
        ]
    ],
    [
        "Non-fiction",
        [
            0,
            0,
            1,
            0,
            0,
            1,
            0,
            0,
            2,
            0,
            0,
            0,
            0,
            3,
            2,
            0,
            0,
            0,
            0,
            1,
            0,
            0,
            0,
            0,
            0,
            0
        ]
    ],
    [
        "Biography",
        [
            1,
            1,
            0,
            0,
            0,
            0,
            1,
            1,
            1,
            0,
            0,
            0,
            0,
            0,
            1,
            1,
            0,
            1,
            0,
            0,
            0,
            0,
            0,
            0,
            1,
            0
        ]
    ],
    [
        "Science Fiction",
        [
            0,
            0,
            3,
            0,
            2,
            1,
            0,
            0,
            3,
            0,
            0,
            0,
            0,
            2,
            1,
            0,
            0,
            0,
            1,
            1,
            0,
            0,
            0,
            0,
            0,
            0
        ]
    ],
    [
        "Mystery",
        [
            0,
            0,
            0,
            0,
            1,
            0,
            0,
            0,
            0,
            0,
            0,
            0,
            1,
            0,
            0,
            0,
            0,
            1,
            1,
            1,
            0,
            0,
            0,
            0,
            2,
            0
        ]
    ],
    [
        "Furniture",
        [
            0,
            0,
            0,
            0,
            1,
            1,
            0,
            0,
            1,
            0,
            0,
            0,
            0,
            1,
            0,
            0,
            0,
            2,
            0,
            1,
            2,
            0,
            0,
            0,
            0,
            0
        ]
    ],
    [
        "Lighting",
        [
            0,
            0,
            0,
            0,
            0,
            0,
            2,
            1,
            2,
            0,
            0,
            1,
            0,
            1,
            0,
            0,
            0,
            0,
            0,
            1,
            0,
            0,
            0,
            0,
            0,
            0
        ]
    ],
    [
        "Wall Art",
        [
            2,
            0,
            0,
            0,
            0,
            0,
            0,
            0,
            0,
            0,
            0,
            2,
            0,
            0,
            0,
            0,
            0,
            1,
            0,
            1,
            0,
            0,
            1,
            0,
            0,
            0
        ]
    ],
    [
        "Rugs",
        [
            0,
            0,
            0,
            0,
            0,
            0,
            1,
            0,
            0,
            0,
            0,
            0,
            0,
            0,
            0,
            0,
            0,
            1,
            1,
            0,
            1,
            0,
            0,
            0,
            0,
            0
        ]
    ],
    [
        "Decorative Pillows",
        [
            1,
            0,
            1,
            1,
            2,
            0,
            0,
            0,
            2,
            0,
            0,
            2,
            0,
            0,
            2,
            1,
            0,
            1,
            1,
            1,
            0,
            1,
            1,
            0,
            0,
            0
        ]
    ],
    [
        "Fitness Equipment",
        [
            0,
            0,
            0,
            0,
            3,
            1,
            0,
            0,
            2,
            0,
            0,
            0,
            1,
            2,
            0,
            1,
            1,
            0,
            2,
            2,
            1,
            0,
            0,
            0,
            0,
            0
        ]
    ],
    [
        "Outdoor Gear",
        [
            1,
            0,
            0,
            1,
            1,
            0,
            1,
            0,
            0,
            0,
            0,
            0,
            0,
            0,
            3,
            0,
            0,
            2,
            0,
            1,
            1,
            0,
            0,
            0,
            0,
            0
        ]
    ],
    [
        "Sportswear",
        [
            1,
            0,
            0,
            0,
            1,
            0,
            0,
            0,
            0,
            0,
            0,
            0,
            0,
            0,
            1,
            1,
            0,
            2,
            2,
            1,
            0,
            0,
            1,
            0,
            0,
            0
        ]
    ],
    [
        "Camping Supplies",
        [
            1,
            0,
            1,
            0,
            1,
            0,
            1,
            0,
            2,
            0,
            0,
            1,
            1,
            1,
            0,
            3,
            0,
            0,
            2,
            0,
            1,
            0,
            0,
            0,
            0,
            0
        ]
    ],
    [
        "Biking Accessories",
        [
            1,
            1,
            2,
            0,
            2,
            0,
            1,
            0,
            3,
            0,
            1,
            0,
            0,
            1,
            1,
            0,
            0,
            1,
            3,
            0,
            0,
            0,
            0,
            0,
            0,
            0
        ]
    ],
    [
        "iPhone 13 Pro Max",
        [
            1,
            0,
            0,
            0,
            1,
            0,
            0,
            1,
            1,
            0,
            0,
            0,
            1,
            1,
            2,
            2,
            0,
            1,
            0,
            0,
            0,
            0,
            0,
            1,
            0,
            0
        ]
    ],
    [
        "Samsung Galaxy S21 Ultra",
        [
            4,
            0,
            0,
            0,
            0,
            0,
            2,
            0,
            0,
            0,
            0,
            2,
            1,
            1,
            0,
            0,
            0,
            1,
            3,
            1,
            2,
            0,
            0,
            1,
            1,
            0
        ]
    ],
    [
        "Google Pixel 6 Pro",
        [
            0,
            0,
            0,
            0,
            2,
            0,
            2,
            0,
            1,
            0,
            0,
            2,
            0,
            0,
            3,
            2,
            0,
            1,
            0,
            0,
            0,
            0,
            0,
            1,
            0,
            0
        ]
    ],
    [
        "OnePlus 9 Pro",
        [
            0,
            0,
            0,
            0,
            1,
            0,
            0,
            0,
            0,
            0,
            0,
            1,
            0,
            1,
            2,
            2,
            0,
            1,
            1,
            0,
            1,
            0,
            0,
            0,
            0,
            0
        ]
    ],
    [
        "Xiaomi Mi 11 Ultra",
        [
            2,
            0,
            0,
            0,
            0,
            0,
            0,
            0,
            3,
            0,
            0,
            1,
            2,
            0,
            1,
            0,
            0,
            1,
            0,
            1,
            1,
            0,
            0,
            1,
            0,
            0
        ]
    ],
    [
        "Generic Laptop 1",
        [
            1,
            0,
            1,
            0,
            2,
            0,
            1,
            0,
            1,
            0,
            0,
            1,
            0,
            1,
            1,
            2,
            0,
            1,
            0,
            1,
            0,
            0,
            0,
            0,
            0,
            0
        ]
    ],
    [
        "Generic Laptop 2",
        [
            1,
            0,
            1,
            0,
            2,
            0,
            1,
            0,
            1,
            0,
            0,
            1,
            0,
            1,
            1,
            2,
            0,
            1,
            0,
            1,
            0,
            0,
            0,
            0,
            0,
            0
        ]
    ],
    [
        "Generic Tablet 1",
        [
            1,
            1,
            1,
            0,
            3,
            0,
            1,
            0,
            1,
            0,
            0,
            1,
            0,
            1,
            0,
            0,
            0,
            1,
            0,
            2,
            0,
            0,
            0,
            0,
            0,
            0
        ]
    ],
    [
        "Generic Tablet 2",
        [
            1,
            1,
            1,
            0,
            3,
            0,
            1,
            0,
            1,
            0,
            0,
            1,
            0,
            1,
            0,
            0,
            0,
            1,
            0,
            2,
            0,
            0,
            0,
            0,
            0,
            0
        ]
    ],
    [
        "Generic Headphones 1",
        [
            1,
            0,
            1,
            1,
            4,
            0,
            1,
            2,
            1,
            0,
            0,
            0,
            0,
            2,
            1,
            1,
            0,
            1,
            1,
            0,
            0,
            0,
            0,
            0,
            0,
            0
        ]
    ],
    [
        "Generic Headphones 2",
        [
            1,
            0,
            1,
            1,
            4,
            0,
            1,
            2,
            1,
            0,
            0,
            0,
            0,
            2,
            1,
            1,
            0,
            1,
            1,
            0,
            0,
            0,
            0,
            0,
            0,
            0
        ]
    ],
    [
        "Generic Camera 1",
        [
            2,
            0,
            2,
            0,
            3,
            0,
            1,
            0,
            1,
            0,
            0,
            0,
            1,
            1,
            0,
            0,
            0,
            2,
            0,
            0,
            0,
            0,
            0,
            0,
            0,
            0
        ]
    ],
    [
        "Generic Camera 2",
        [
            2,
            0,
            2,
            0,
            3,
            0,
            1,
            0,
            1,
            0,
            0,
            0,
            1,
            1,
            0,
            0,
            0,
            2,
            0,
            0,
            0,
            0,
            0,
            0,
            0,
            0
        ]
    ],
    [
        "Generic T-shirt 1",
        [
            0,
            0,
            1,
            0,
            2,
            0,
            1,
            1,
            2,
            0,
            0,
            0,
            0,
            1,
            0,
            0,
            0,
            2,
            1,
            2,
            0,
            0,
            0,
            0,
            0,
            0
        ]
    ],
    [
        "Generic T-shirt 2",
        [
            0,
            0,
            1,
            0,
            2,
            0,
            1,
            1,
            2,
            0,
            0,
            0,
            0,
            1,
            0,
            0,
            0,
            2,
            1,
            2,
            0,
            0,
            0,
            0,
            0,
            0
        ]
    ],
    [
        "Generic Dress 1",
        [
            0,
            0,
            1,
            1,
            3,
            0,
            1,
            0,
            1,
            0,
            0,
            0,
            0,
            1,
            0,
            0,
            0,
            2,
            2,
            0,
            0,
            0,
            0,
            0,
            0,
            0
        ]
    ],
    [
        "Generic Dress 2",
        [
            0,
            0,
            1,
            1,
            3,
            0,
            1,
            0,
            1,
            0,
            0,
            0,
            0,
            1,
            0,
            0,
            0,
            2,
            2,
            0,
            0,
            0,
            0,
            0,
            0,
            0
        ]
    ],
    [
        "Generic Jeans 1",
        [
            1,
            0,
            1,
            0,
            3,
            0,
            1,
            0,
            1,
            1,
            0,
            0,
            0,
            2,
            0,
            0,
            0,
            1,
            1,
            0,
            0,
            0,
            0,
            0,
            0,
            0
        ]
    ],
    [
        "Generic Jeans 2",
        [
            1,
            0,
            1,
            0,
            3,
            0,
            1,
            0,
            1,
            1,
            0,
            0,
            0,
            2,
            0,
            0,
            0,
            1,
            1,
            0,
            0,
            0,
            0,
            0,
            0,
            0
        ]
    ],
    [
        "Generic Shoes 1",
        [
            0,
            0,
            1,
            0,
            3,
            0,
            1,
            1,
            1,
            0,
            0,
            0,
            0,
            1,
            1,
            0,
            0,
            1,
            2,
            0,
            0,
            0,
            0,
            0,
            0,
            0
        ]
    ],
    [
        "Generic Shoes 2",
        [
            0,
            0,
            1,
            0,
            3,
            0,
            1,
            1,
            1,
            0,
            0,
            0,
            0,
            1,
            1,
            0,
            0,
            1,
            2,
            0,
            0,
            0,
            0,
            0,
            0,
            0
        ]
    ],
    [
        "Generic Accessory 1",
        [
            1,
            0,
            3,
            0,
            3,
            0,
            1,
            0,
            1,
            0,
            0,
            0,
            0,
            1,
            1,
            0,
            0,
            2,
            2,
            0,
            0,
            0,
            0,
            0,
            1,
            0
        ]
    ],
    [
        "Generic Accessory 2",
        [
            1,
            0,
            3,
            0,
            3,
            0,
            1,
            0,
            1,
            0,
            0,
            0,
            0,
            1,
            1,
            0,
            0,
            2,
            2,
            0,
            0,
            0,
            0,
            0,
            1,
            0
        ]
    ],
    [
        "Generic Fiction 1",
        [
            0,
            0,
            2,
            0,
            2,
            1,
            1,
            0,
            3,
            0,
            0,
            0,
            0,
            2,
            1,
            0,
            0,
            1,
            0,
            1,
            0,
            0,
            0,
            0,
            0,
            0
        ]
    ],
    [
        "Generic Fiction 2",
        [
            0,
            0,
            2,
            0,
            2,
            1,
            1,
            0,
            3,
            0,
            0,
            0,
            0,
            2,
            1,
            0,
            0,
            1,
            0,
            1,
            0,
            0,
            0,
            0,
            0,
            0
        ]
    ],
    [
        "Generic Non-fiction 1",
        [
            0,
            0,
            2,
            0,
            2,
            1,
            1,
            0,
            3,
            0,
            0,
            0,
            0,
            4,
            2,
            0,
            0,
            1,
            0,
            1,
            0,
            0,
            0,
            0,
            0,
            0
        ]
    ],
    [
        "Generic Non-fiction 2",
        [
            0,
            0,
            2,
            0,
            2,
            1,
            1,
            0,
            3,
            0,
            0,
            0,
            0,
            4,
            2,
            0,
            0,
            1,
            0,
            1,
            0,
            0,
            0,
            0,
            0,
            0
        ]
    ],
    [
        "Generic Biography 1",
        [
            1,
            1,
            1,
            0,
            2,
            0,
            2,
            1,
            2,
            0,
            0,
            0,
            0,
            1,
            1,
            1,
            0,
            2,
            0,
            0,
            0,
            0,
            0,
            0,
            1,
            0
        ]
    ],
    [
        "Generic Biography 2",
        [
            1,
            1,
            1,
            0,
            2,
            0,
            2,
            1,
            2,
            0,
            0,
            0,
            0,
            1,
            1,
            1,
            0,
            2,
            0,
            0,
            0,
            0,
            0,
            0,
            1,
            0
        ]
    ],
    [
        "Generic Sci-Fi 1",
        [
            0,
            0,
            2,
            0,
            2,
            1,
            1,
            0,
            3,
            0,
            0,
            0,
            0,
            1,
            0,
            0,
            0,
            1,
            1,
            0,
            0,
            0,
            0,
            0,
            0,
            0
        ]
    ],
    [
        "Generic Sci-Fi 2",
        [
            0,
            0,
            2,
            0,
            2,
            1,
            1,
            0,
            3,
            0,
            0,
            0,
            0,
            1,
            0,
            0,
            0,
            1,
            1,
            0,
            0,
            0,
            0,
            0,
            0,
            0
        ]
    ],
    [
        "Generic Mystery 1",
        [
            0,
            0,
            1,
            0,
            3,
            0,
            1,
            0,
            1,
            0,
            0,
            0,
            1,
            1,
            0,
            0,
            0,
            2,
            1,
            1,
            0,
            0,
            0,
            0,
            2,
            0
        ]
    ],
    [
        "Generic Mystery 2",
        [
            0,
            0,
            1,
            0,
            3,
            0,
            1,
            0,
            1,
            0,
            0,
            0,
            1,
            1,
            0,
            0,
            0,
            2,
            1,
            1,
            0,
            0,
            0,
            0,
            2,
            0
        ]
    ],
    [
        "Generic Furniture 1",
        [
            0,
            0,
            1,
            0,
            3,
            1,
            1,
            0,
            2,
            0,
            0,
            0,
            0,
            2,
            0,
            0,
            0,
            3,
            0,
            1,
            2,
            0,
            0,
            0,
            0,
            0
        ]
    ],
    [
        "Generic Furniture 2",
        [
            0,
            0,
            1,
            0,
            3,
            1,
            1,
            0,
            2,
            0,
            0,
            0,
            0,
            2,
            0,
            0,
            0,
            3,
            0,
            1,
            2,
            0,
            0,
            0,
            0,
            0
        ]
    ],
    [
        "Generic Lighting 1",
        [
            0,
            0,
            1,
            0,
            2,
            0,
            3,
            1,
            3,
            0,
            0,
            1,
            0,
            2,
            0,
            0,
            0,
            1,
            0,
            1,
            0,
            0,
            0,
            0,
            0,
            0
        ]
    ],
    [
        "Generic Lighting 2",
        [
            0,
            0,
            1,
            0,
            2,
            0,
            3,
            1,
            3,
            0,
            0,
            1,
            0,
            2,
            0,
            0,
            0,
            1,
            0,
            1,
            0,
            0,
            0,
            0,
            0,
            0
        ]
    ],
    [
        "Generic Wall Art 1",
        [
            2,
            0,
            1,
            0,
            2,
            0,
            1,
            0,
            1,
            0,
            0,
            2,
            0,
            1,
            0,
            0,
            0,
            2,
            0,
            1,
            0,
            0,
            1,
            0,
            0,
            0
        ]
    ],
    [
        "Generic Wall Art 2",
        [
            2,
            0,
            1,
            0,
            2,
            0,
            1,
            0,
            1,
            0,
            0,
            2,
            0,
            1,
            0,
            0,
            0,
            2,
            0,
            1,
            0,
            0,
            1,
            0,
            0,
            0
        ]
    ],
    [
        "Generic Rug 1",
        [
            0,
            0,
            1,
            0,
            2,
            0,
            2,
            0,
            1,
            0,
            0,
            0,
            0,
            1,
            0,
            0,
            0,
            2,
            0,
            0,
            1,
            0,
            0,
            0,
            0,
            0
        ]
    ],
    [
        "Generic Rug 2",
        [
            0,
            0,
            1,
            0,
            2,
            0,
            2,
            0,
            1,
            0,
            0,
            0,
            0,
            1,
            0,
            0,
            0,
            2,
            0,
            0,
            1,
            0,
            0,
            0,
            0,
            0
        ]
    ],
    [
        "Generic Pillow 1",
        [
            0,
            0,
            1,
            0,
            2,
            0,
            1,
            0,
            2,
            0,
            0,
            2,
            0,
            1,
            1,
            1,
            0,
            1,
            0,
            0,
            0,
            0,
            1,
            0,
            0,
            0
        ]
    ],
    [
        "Generic Pillow 2",
        [
            0,
            0,
            1,
            0,
            2,
            0,
            1,
            0,
            2,
            0,
            0,
            2,
            0,
            1,
            1,
            1,
            0,
            1,
            0,
            0,
            0,
            0,
            1,
            0,
            0,
            0
        ]
    ],
    [
        "Generic Fitness 1",
        [
            0,
            0,
            1,
            0,
            3,
            1,
            1,
            0,
            2,
            0,
            0,
            0,
            0,
            2,
            0,
            0,
            0,
            1,
            2,
            1,
            0,
            0,
            0,
            0,
            0,
            0
        ]
    ],
    [
        "Generic Fitness 2",
        [
            0,
            0,
            1,
            0,
            3,
            1,
            1,
            0,
            2,
            0,
            0,
            0,
            0,
            2,
            0,
            0,
            0,
            1,
            2,
            1,
            0,
            0,
            0,
            0,
            0,
            0
        ]
    ],
    [
        "Generic Outdoor 1",
        [
            0,
            0,
            1,
            1,
            2,
            0,
            1,
            0,
            1,
            0,
            0,
            0,
            0,
            1,
            3,
            0,
            0,
            2,
            0,
            1,
            1,
            0,
            0,
            0,
            0,
            0
        ]
    ],
    [
        "Generic Outdoor 2",
        [
            0,
            0,
            1,
            1,
            2,
            0,
            1,
            0,
            1,
            0,
            0,
            0,
            0,
            1,
            3,
            0,
            0,
            2,
            0,
            1,
            1,
            0,
            0,
            0,
            0,
            0
        ]
    ],
    [
        "Generic Sportswear 1",
        [
            1,
            0,
            1,
            0,
            3,
            0,
            1,
            0,
            1,
            0,
            0,
            0,
            0,
            1,
            1,
            1,
            0,
            3,
            2,
            1,
            0,
            0,
            1,
            0,
            0,
            0
        ]
    ],
    [
        "Generic Sportswear 2",
        [
            1,
            0,
            1,
            0,
            3,
            0,
            1,
            0,
            1,
            0,
            0,
            0,
            0,
            1,
            1,
            1,
            0,
            3,
            2,
            1,
            0,
            0,
            1,
            0,
            0,
            0
        ]
    ],
    [
        "Generic Camping 1",
        [
            1,
            0,
            2,
            0,
            2,
            0,
            2,
            0,
            2,
            0,
            0,
            0,
            1,
            2,
            0,
            1,
            0,
            1,
            0,
            0,
            0,
            0,
            0,
            0,
            0,
            0
        ]
    ],
    [
        "Generic Camping 2",
        [
            1,
            0,
            2,
            0,
            2,
            0,
            2,
            0,
            2,
            0,
            0,
            0,
            1,
            2,
            0,
            1,
            0,
            1,
            0,
            0,
            0,
            0,
            0,
            0,
            0,
            0
        ]
    ],
    [
        "Generic Biking 1",
        [
            0,
            1,
            1,
            0,
            2,
            0,
            2,
            0,
            3,
            0,
            1,
            0,
            0,
            2,
            0,
            0,
            0,
            1,
            0,
            0,
            0,
            0,
            0,
            0,
            0,
            0
        ]
    ],
    [
        "Generic Biking 2",
        [
            0,
            1,
            1,
            0,
            2,
            0,
            2,
            0,
            3,
            0,
            1,
            0,
            0,
            2,
            0,
            0,
            0,
            1,
            0,
            0,
            0,
            0,
            0,
            0,
            0,
            0
        ]
    ]
]